2159938476
253191835
232164623
271458239
346866777
2310280190
143448270
2846410981
258228815
443030647
404612694
913305372
102349665
455333464
557842655
1027167481
469760228
2641211740
22563955
2805340929
476496615
188084143
366147882
904594663
289704689
906425923
2767502085
264700057
122483591
2273637470
2763354004
546624895
250951747
967983056
1526209446
2334424716
112090178
481016648
301071486
1449847652
1071604010
42752719
229851130
1669774705
3342780699
338031335
39661642
2577843735
2329415154
376012638
380662905
2840542213
1624050403
400008688
2419662654
27165736
350114766
78085591
2332729243
164928789
274556648
221404952
2277340458
2926289298
521732479
469306120
386642514
31648644
410403665
3418250561
381523148
217074626
476264444
770676152
1438143824
562357919
52053744
2476208768
93576951
291492315
2391773533
333168046
341146276
383785250
907187028
2844553761
233688382
86125841
122428644
2532135561
2275266018
377034315
406727193
1684391718
2595483597
353261938
618198301
523521363
213490843
217615594
2198357449
4264220174
18433843
972830029
927653365
471179765
237345391
202602943
79928314
492516531
1010928002
1031655967
2889365683
362075658
324379088
1326731076
3134399143
626145415
2809209216
1664948012
343951197
2903963259
2361870980
1056650594
31338179
944670684
230686637
57616787
759916501
50797260
183638275
55592032
1387135098
1629520862
14516139
1518993158
889730977
977161033
276837866
2942417632
724907522
783908516
301747825
475175670
403644670
255797289
2167561110
96139671
1590506935
4627816519
2307249169
318768709
2362930014
603243453
2855099577
2248842775
323283645
3163287565
244808030
570601271
122721332
236486106
138449260
2792443824
2335765524
2877305570
3005999630
24883323
25507308
44857059
28345809
2898613700
501764279
553842839
