2159938476
907187028
2844553761
86125841
2532135561
271458239
406727193
143448270
2846410981
913305372
353261938
217615594
455333464
2198357449
557842655
18433843
2641211740
972830029
927653365
471179765
79928314
492516531
1010928002
2805340929
362075658
324379088
476496615
1326731076
3134399143
906425923
2809209216
2767502085
2273637470
2903963259
2361870980
1526209446
944670684
759916501
301071486
183638275
42752719
14516139
889730977
276837866
39661642
301747825
380662905
2840542213
400008688
2167561110
96139671
4627816519
78085591
2332729243
164928789
274556648
221404952
2362930014
603243453
2855099577
2277340458
2926289298
521732479
386642514
410403665
217074626
3163287565
244808030
476264444
570601271
122721332
1438143824
2792443824
3005999630
52053744
2476208768
25507308
93576951
291492315
44857059
28345809
341146276
