2159938476
253191835
271458239
143448270
2846410981
258228815
913305372
455333464
557842655
1027167481
2641211740
2805340929
476496615
906425923
2767502085
122483591
2273637470
2763354004
250951747
967983056
1526209446
2334424716
112090178
481016648
301071486
1071604010
42752719
229851130
1669774705
3342780699
338031335
39661642
376012638
380662905
2840542213
400008688
350114766
78085591
2332729243
164928789
274556648
221404952
2277340458
2926289298
521732479
386642514
410403665
3418250561
217074626
476264444
770676152
1438143824
52053744
2476208768
93576951
291492315
341146276
383785250
907187028
2844553761
233688382
86125841
122428644
2532135561
406727193
2595483597
353261938
523521363
217615594
2198357449
4264220174
18433843
972830029
927653365
471179765
79928314
492516531
1010928002
362075658
324379088
1326731076
3134399143
626145415
2809209216
1664948012
343951197
2903963259
2361870980
944670684
57616787
759916501
50797260
183638275
55592032
1387135098
14516139
889730977
977161033
276837866
2942417632
724907522
783908516
301747825
475175670
255797289
2167561110
96139671
4627816519
318768709
2362930014
603243453
2855099577
2248842775
3163287565
244808030
570601271
122721332
236486106
2792443824
2877305570
3005999630
25507308
44857059
28345809
2898613700
