1010928002
102349665
1027167481
102982202
1031655967
104451533
1053216716
1056650594
1071604010
107295690
108425531
1097557525
1105238581
1105558410
1105801358
1112944590
111354647
11142362
1119146862
112090178
112165657
1132776360
1143470466
116663132
117030671
1177471489
117928569
118504705
1220305290
122034494
122428644
122483591
122484275
122721332
1233652698
1239749712
1240102604
124327640
125218383
1264637672
127110363
127251210
1292623788
1304624581
130663000
1326731076
133977689
135554110
135693647
1362860816
136633988
1372316628
1372574677
138449260
1386010838
1387135098
139382900
1395091087
1400849420
1409004344
14244447
1425134526
143153117
143448270
1434623629
143599785
1438143824
1442867772
1446851233
1449847652
14516139
1455735410
1458360991
1466703355
1467803281
1477585832
1495120194
1495947138
1511686806
1518993158
1523642533
1526209446
152661729
1532869387
1534906297
1558984046
1571050015
1574855022
1590506935
1599782558
160302029
1624050403
1624682809
1629520862
16484978
164928789
16551714
165577958
16570956
1658632219
1661700032
1662847039
1664948012
1668149720
1669422294
1669774705
1682374855
1684391718
1686033637
1688566994
1691697900
1703075480
1717666435
171958370
171972995
1723166832
1723891957
17294882
1733822028
17588849
178723576
181152803
182592178
182606756
1832476196
183638275
1838636550
184273398
18433843
184899969
186325236
1866103464
18764906
188084143
1890821762
1896488527
1901195994
1902145598
1913843024
19169423
1920007904
1948867633
1964221856
19646481
1965375458
201390529
202425971
202602943
209262106
210688242
211099583
211709952
212261532
213490843
2159938476
2167561110
217074626
217615594
2178486371
218432384
2188155468
2193190099
219487526
2195466974
21965624
2198357449
2203788632
2204845260
221404952
221689793
2218930639
2223199237
2223496619
2227215693
2246856132
2248842775
2254221422
22563955
2261845596
2265049248
2273637470
227400559
2275266018
2276818190
2277340458
2281281613
2281787582
2283543823
2285982638
2290331999
229851130
2300173172
230348092
230680562
230686637
2307249169
2309170459
2310280190
2310333698
2311146085
2314994292
2320645218
232164623
2325291331
2329415154
23295435
2332555379
2332729243
2334424716
2334993099
2335765524
233688382
2339717389
2356733935
2361870980
2362930014
236486106
2370725665
237345391
2375973638
2381167620
2386674962
2391773533
2391776040
2393217979
2393726047
2398376146
2409498510
2411403787
241278533
2419662654
242201256
2422320374
2429671352
2441178896
2444856434
244530155
244733954
244808030
2451451182
245287897
246128588
2463415592
2468059238
2470014818
2476208768
2480413705
2484523928
24883323
24910515
2495553179
2502597096
250951747
2514678910
2522367901
253191835
2532135561
2535527754
2538555508
254607817
25507308
255310143
2554790467
2557828094
255797289
2558700766
2562353909
2577843735
2580511047
258228815
2595483597
2602920025
2606949881
26133560
2614587271
2615353014
2615535057
263395921
2635905766
264046995
2641211740
2646299108
264700057
265738935
2661524223
2669223349
2675222804
268366600
269102797
2707450740
271242521
2714432840
271458239
27165736
2718570906
2734133342
274002752
274553355
274556648
2746337628
2757583450
2762040830
2763354004
2766841169
2767502085
276837866
2769935615
2771573990
2771923762
27725752
277538177
2777859517
2788405899
2792443824
279369388
2795151108
280306114
2805340929
2809209216
2817888651
2819670100
2824442557
2827142990
2833676562
28345809
2836050248
28366268
283914149
2840542213
28408224
2844231958
2844553761
2846410981
284704195
2855099577
2857420840
286059321
2861200834
286126462
28706697
2874620795
2877305570
2881514381
2889365683
2890723418
2893783443
2894251059
2894295673
289704689
2898613700
29021288
2903963259
2906620768
2907579835
2914307568
291492315
2916420536
2923333680
2926289298
2930952618
293946831
2942417632
2943664510
294715157
2948062269
2957034817
295722548
2960017537
2965142314
2966578566
2972708023
2977717281
2978583408
2979585982
2980536597
2982601051
2984238372
2984951330
2985852925
2990291701
29910264
2998417670
3005999630
3006064373
300996358
301071486
3016601638
3017295547
301747825
3017831314
3019055223
3019448191
3020165893
3028997653
3031785331
30451290
3060478163
3068425183
30731587
3082505088
3100554872
3100871091
3101509017
3108634166
3116720165
3119665997
3122666452
312366071
312384683
313028442
31338179
3134399143
3143061484
3148380487
31523146
3154437062
3158914118
3163287565
31648644
317005888
3170243955
3171154469
3180093456
3180501039
318768709
3188365045
3192686232
3197629148
3200944072
323283645
3234273907
3237515738
3242431857
324379088
3246120194
3258324619
3262737960
3265353439
3268602666
327164781
3280135166
3283400828
3284518242
3286661012
3288028291
3288842234
329191487
3292981394
329361249
3300872434
3306537875
3307702109
3308496744
3312287280
3312511473
331257657
3317190734
331930998
3319331846
3319872952
3321861183
3324245616
3324904868
3325432584
332579042
332738908
3329528505
333168046
3342780699
3348306022
3365209246
338031335
338254192
3382678798
338286563
3384265881
3385862362
3386628340
340313456
341146276
341169083
3418250561
343743987
3438727318
343951197
345813518
346866777
349342823
350114766
352825934
3528645202
352909198
353261938
3534004638
353556149
35413411
355033937
356580095
357961117
3599869394
3604991185
362075658
3637105998
364545427
365297032
3653537653
366147882
366806549
3669091452
36765234
3676578139
36836217
368675577
369223407
369911039
37066636
3713829252
371557860
371672020
3726874400
376012638
377034315
378570257
380662905
381523148
382361714
382525185
383785250
384494633
3847320734
386642514
3875295622
388589094
3887070673
389890902
391778402
39288051
393190638
393686282
394135675
3943702392
3949010962
3953332753
39661642
397494847
3986746283
3987939853
400008688
400088165
400802777
4011161172
4012166847
4027111173
403644670
4041856334
404612694
406727193
4067937256
4068221660
4087003520
409568090
4097930772
410403665
41135292
4116007695
412798449
4138138633
4141747640
415848343
4166710393
416802154
4179350774
4190306474
4194644729
4203016035
421503762
4264220174
42752719
433617525
436437627
436978148
443030647
44321730
44324787
445913056
44857059
4494944719
4552933181
455333464
458464658
458632493
4627816519
463045937
463503341
469306120
469760228
470005979
471179765
473417503
474316605
475175670
475316805
476264444
476496615
476552395
476691783
477989973
479258753
481016648
484731323
48964118
490535839
492516531
493038766
493596397
494395788
495283255
496651835
49775161
501764279
50785046
50797260
50957441
51153998
513406783
52053744
521732479
523521363
523653988
52474890
52792194
537841059
53863574
541959150
545881939
546624895
547336911
55291753
553842839
554958519
55592032
55776825
557842655
561845963
562357919
562984758
567106691
570479207
570601271
572143356
572204901
572838091
57616787
587931107
589022162
59279806
595089709
598652078
601942084
603243453
603691239
605377564
609101738
610388964
610485717
612999090
613080314
613744186
614467617
61694837
618198301
618691716
619744784
620191805
623407119
624254213
626145415
62688517
629919354
632075001
63372653
633817553
64585874
69729809
706305578
706926695
710259321
71318808
71379711
724907522
737734728
738612918
739043384
751144658
755523750
756782954
759916501
770676152
770831810
776337842
78085591
78350498
783908516
794155152
79928314
805436466
81305759
813844694
82223420
82741018
830276562
836479597
838091869
83991923
842829588
846476335
853990454
858038708
86125841
880761
883813284
884743057
887282149
88930901
889730977
895454826
898732788
904594663
90638768
906425923
907187028
913305372
927653365
931226863
93576951
940468154
941822652
942445988
944670684
948150980
956717191
956829350
95760717
960320034
96139671
962688391
965192557
967983056
968059567
972830029
977161033
986498262
996130794
998131124
