738612918
44857059
2898613700
2159938476
2943664510
2204845260
4141747640
271458239
603691239
2310280190
2978583408
2846410981
1662847039
3154437062
3307702109
2468059238
557842655
242201256
3031785331
3180093456
2641211740
1434623629
2178486371
463045937
1717666435
2554790467
2805340929
1948867633
331930998
3604991185
2463415592
3060478163
2767502085
2273637470
2763354004
2334424716
2777859517
53863574
1449847652
2714432840
1669774705
3342780699
3017831314
338031335
82223420
3143061484
2577843735
3158914118
2283543823
2329415154
2840542213
4087003520
219487526
2419662654
2332729243
3101509017
1523642533
493038766
2290331999
2411403787
1105238581
2926289298
521732479
3068425183
469306120
2960017537
410403665
3418250561
2984951330
1964221856
2998417670
476264444
770676152
3019448191
2707450740
1438143824
2615535057
2203788632
3312511473
1688566994
2476208768
3321861183
341146276
3382678798
2254221422
2844553761
907187028
3713829252
2532135561
2275266018
613744186
1684391718
186325236
3286661012
2285982638
1866103464
2198357449
858038708
4068221660
4264220174
927653365
2769935615
2980536597
1010928002
1425134526
2762040830
2522367901
4067937256
1326731076
3134399143
2809209216
1664948012
3599869394
2903963259
2361870980
2314994292
944670684
3306537875
50797260
183638275
4194644729
3300872434
2942417632
2669223349
880761
27725752
1668149720
948150980
4627816519
895454826
3280135166
3200944072
4138138633
318768709
2362930014
603243453
2855099577
4041856334
3163287565
3119665997
244808030
570601271
122721332
3637105998
2972708023
2792443824
3005999630
3292981394
2957034817
3534004638
25507308
341169083
