2943664510
2204845260
4141747640
271458239
603691239
2310280190
2978583408
2846410981
3154437062
3307702109
2468059238
557842655
242201256
3031785331
3180093456
1434623629
2178486371
463045937
1717666435
3604991185
2463415592
3060478163
2767502085
2273637470
2763354004
2777859517
53863574
2714432840
1669774705
3342780699
3017831314
82223420
3143061484
2577843735
3158914118
2283543823
2329415154
2840542213
4087003520
219487526
2419662654
2332729243
3101509017
1523642533
493038766
2290331999
2411403787
1105238581
2926289298
521732479
2960017537
410403665
3418250561
2984951330
1964221856
2998417670
3019448191
2707450740
2203788632
3312511473
1688566994
2476208768
3321861183
341146276
3382678798
2254221422
2275266018
1684391718
1866103464
2198357449
858038708
4264220174
2769935615
2762040830
2522367901
4067937256
1326731076
3134399143
2809209216
1664948012
3599869394
2903963259
2361870980
2314994292
944670684
3306537875
50797260
4194644729
3300872434
2942417632
880761
27725752
1668149720
948150980
4627816519
3280135166
3200944072
4138138633
318768709
2362930014
603243453
2855099577
4041856334
3163287565
3119665997
122721332
2972708023
2792443824
3005999630
3292981394
3534004638
341169083
738612918
2898613700
