2204845260
603691239
2275266018
3154437062
3307702109
1866103464
2198357449
557842655
858038708
4264220174
3031785331
3180093456
2178486371
463045937
1717666435
2762040830
2522367901
4067937256
3604991185
1326731076
3134399143
2809209216
1664948012
2767502085
3599869394
2361870980
2314994292
50797260
53863574
2714432840
3300872434
3017831314
3143061484
2942417632
2577843735
3158914118
880761
2329415154
2840542213
4087003520
219487526
2419662654
1668149720
4627816519
2332729243
3280135166
3200944072
3101509017
4138138633
1523642533
493038766
2362930014
603243453
2411403787
2855099577
2926289298
2960017537
410403665
2984951330
4041856334
3163287565
3119665997
2998417670
122721332
3019448191
2972708023
2203788632
3005999630
2476208768
3382678798
2254221422
