2855099577
122721332
2361870980
2926289298
2476208768
3005999630
4627816519
603243453
2809209216
2362930014
476264444
2767502085
3163287565
86125841
42752719
2840542213
143448270
39661642
93576951
244808030
271458239
2846410981
79928314
2792443824
25507308
2198357449
557842655
3134399143
1326731076
2805340929
217074626
301747825
4264220174
183638275
2903963259
2167561110
944670684
2641211740
3418250561
2277340458
471179765
221404952
889730977
2332729243
3342780699
2844553761
927653365
2898613700
2532135561
2942417632
2273637470
2763354004
274556648
18433843
386642514
406727193
455333464
52053744
362075658
14516139
164928789
759916501
2159938476
1526209446
907187028
1438143824
96139671
521732479
2334424716
2595483597
2877305570
44857059
1664948012
1669774705
341146276
78085591
570601271
400008688
324379088
4041856334
353261938
913305372
972830029
291492315
906425923
1010928002
217615594
410403665
276837866
2889365683
28345809
3154437062
1387135098
301071486
476496615
2248842775
2335765524
492516531
1027167481
380662905
967983056
376012638
2419662654
233688382
350114766
236486106
2577843735
783908516
2310280190
3382678798
338031335
229851130
3599869394
977161033
2391773533
3528645202
253191835
112090178
318768709
255797289
2275266018
3180501039
1684391718
3385862362
2307249169
475175670
383785250
122428644
343951197
1071604010
258228815
122483591
2844231958
2615535057
2669223349
3286661012
2329415154
724907522
1624050403
50797260
1031655967
626145415
523521363
55592032
57616787
250951747
770676152
2393217979
2422320374
481016648
