3200944072
3019448191
3599869394
2577843735
2855099577
2762040830
53863574
880761
463045937
2254221422
4067937256
3119665997
219487526
2926289298
2178486371
3143061484
4138138633
122721332
3134399143
50797260
1668149720
557842655
2476208768
2942417632
2361870980
1866103464
2411403787
603691239
4087003520
410403665
858038708
3005999630
27725752
242201256
3031785331
82223420
2275266018
3307702109
493038766
25507308
603243453
3300872434
44857059
2714432840
1717666435
4041856334
1326731076
271458239
2984951330
183638275
2204845260
186325236
2960017537
2809209216
2362930014
2419662654
244808030
2767502085
1664948012
30451290
318768709
3154437062
341169083
2998417670
341146276
11142362
1523642533
4627816519
28408224
2329415154
3382678798
738612918
338031335
476264444
16570956
3280135166
521732479
1434623629
2332729243
3604991185
3017831314
331930998
42752719
2314994292
1964221856
2972708023
948150980
39661642
3180093456
3163287565
1105238581
2203788632
2198357449
4264220174
3101509017
2522367901
2840542213
301071486
93576951
3158914118
86125841
944670684
2763354004
2903963259
469306120
770676152
3418250561
2310280190
2978583408
2846410981
3342780699
353556149
2273637470
4141747640
3312511473
2283543823
1669774705
1010928002
907187028
570601271
57616787
2707450740
14516139
213490843
2943664510
3060478163
31338179
2769935615
2777859517
111354647
895454826
1438143824
2898613700
28706697
2290331999
1684391718
3306537875
613744186
2792443824
1688566994
332579042
3534004638
477989973
294715157
3321861183
4194644729
2463415592
2468059238
3292981394
143448270
