122721332
86125841
42752719
2855099577
39661642
603243453
93576951
25507308
476264444
143448270
79928314
2361870980
244808030
271458239
2476208768
217074626
183638275
14516139
18433843
2926289298
301747825
221404952
52053744
2362930014
557842655
3005999630
2809209216
164928789
44857059
471179765
274556648
96139671
78085591
1326731076
2767502085
944670684
28345809
362075658
386642514
889730977
406727193
455333464
927653365
2198357449
2840542213
341146276
2167561110
4627816519
217615594
759916501
324379088
291492315
3163287565
2846410981
353261938
2792443824
521732479
276837866
400008688
2277340458
301071486
907187028
112090178
2332729243
570601271
2805340929
410403665
50797260
2273637470
2641211740
233688382
55592032
57616787
122428644
236486106
122483591
229851130
476496615
1526209446
380662905
2532135561
1438143824
2903963259
253191835
376012638
255797289
913305372
492516531
350114766
972830029
2159938476
906425923
24883323
3134399143
338031335
102349665
318768709
1010928002
258228815
2844553761
