122721332
86125841
42752719
2855099577
39661642
603243453
93576951
25507308
476264444
143448270
79928314
2361870980
244808030
271458239
2476208768
217074626
183638275
14516139
18433843
2926289298
301747825
221404952
52053744
2362930014
557842655
3005999630
2809209216
164928789
44857059
471179765
274556648
96139671
78085591
1326731076
2767502085
944670684
28345809
362075658
386642514
889730977
406727193
455333464
927653365
2198357449
2840542213
341146276
2167561110
4627816519
217615594
759916501
324379088
291492315
3163287565
2846410981
353261938
2792443824
521732479
276837866
400008688
2277340458
301071486
907187028
112090178
2332729243
570601271
2805340929
410403665
50797260
2273637470
2641211740
233688382
55592032
57616787
122428644
236486106
122483591
229851130
476496615
1526209446
380662905
2532135561
1438143824
2903963259
253191835
376012638
255797289
913305372
492516531
350114766
972830029
2159938476
906425923
24883323
3134399143
338031335
102349665
318768709
1010928002
258228815
2844553761
1664948012
1669774705
27165736
2763354004
2898613700
31648644
22563955
343951197
250951747
383785250
232164623
138449260
202602943
2942417632
188084143
31338179
21965624
1027167481
2334424716
475175670
1387135098
230686637
967983056
783908516
19646481
264700057
289704689
3342780699
3418250561
41135292
2595483597
523521363
977161033
237345391
4264220174
481016648
44321730
213490843
626145415
724907522
62688517
2248842775
112165657
562357919
546624895
443030647
770676152
2877305570
1071604010
553842839
323283645
18764906
333168046
35413411
2335765524
381523148
403644670
1031655967
212261532
346866777
63372653
404612694
366147882
241278533
377034315
469306120
1684391718
501764279
116663132
2419662654
2310280190
209262106
364545427
82741018
2275266018
48964118
124327640
1624050403
202425971
2889365683
469760228
59279806
618198301
1056650594
317005888
2391773533
264046995
2307249169
436978148
2577843735
1449847652
458464658
1590506935
28408224
1629520862
284704195
416802154
904594663
2329415154
1518993158
