44857059
28345809
2898613700
2159938476
271458239
2310280190
143448270
2978583408
2846410981
443030647
3154437062
913305372
404612694
455333464
557842655
2641211740
2805340929
2767502085
2273637470
2763354004
546624895
2334424716
112090178
301071486
1449847652
42752719
229851130
1669774705
3342780699
338031335
39661642
2577843735
2329415154
2840542213
2419662654
2332729243
274556648
221404952
2290331999
2926289298
521732479
469306120
410403665
3418250561
476264444
770676152
1438143824
2615535057
2203788632
52053744
2476208768
93576951
341146276
3382678798
2844553761
907187028
86125841
2532135561
2275266018
1684391718
3286661012
618198301
213490843
217615594
2198357449
4264220174
927653365
79928314
1010928002
362075658
324379088
1326731076
3134399143
2809209216
1664948012
3599869394
2903963259
2361870980
31338179
944670684
57616787
50797260
183638275
14516139
276837866
2942417632
2669223349
475175670
4627816519
318768709
2362930014
603243453
2855099577
4041856334
3163287565
244808030
570601271
122721332
2792443824
3005999630
25507308
