271458239
2310280190
143448270
2846410981
3154437062
557842655
2767502085
2273637470
2763354004
301071486
42752719
1669774705
3342780699
338031335
39661642
2577843735
2329415154
2840542213
2419662654
2332729243
2926289298
521732479
410403665
3418250561
476264444
770676152
1438143824
2476208768
93576951
341146276
3382678798
907187028
86125841
2275266018
1684391718
2198357449
4264220174
1010928002
1326731076
3134399143
2809209216
1664948012
3599869394
2903963259
2361870980
944670684
57616787
50797260
183638275
14516139
2942417632
4627816519
318768709
2362930014
603243453
2855099577
4041856334
3163287565
244808030
570601271
122721332
2792443824
3005999630
25507308
44857059
2898613700
