3200944072
3599869394
4067937256
3019448191
4138138633
2855099577
3119665997
2762040830
2577843735
3143061484
3134399143
4087003520
2926289298
2254221422
2942417632
4041856334
3307702109
4627816519
3005999630
2178486371
3031785331
2476208768
3300872434
2361870980
2411403787
1668149720
2984951330
3382678798
4264220174
3604991185
463045937
3154437062
1866103464
3280135166
2960017537
2714432840
4141747640
2998417670
2275266018
2809209216
3418250561
2767502085
4194644729
3180093456
3163287565
3017831314
557842655
3342780699
3101509017
3158914118
3534004638
3312511473
3637105998
2972708023
3713829252
2419662654
3292981394
2362930014
219487526
1717666435
53863574
858038708
3321861183
4068221660
3306537875
2204845260
603691239
2978583408
3060478163
4097930772
2903963259
2840542213
2329415154
3286661012
1326731076
2943664510
1664948012
3068425183
2763354004
2846410981
122721332
2522367901
2332729243
410403665
2957034817
2898613700
2314994292
2769935615
1523642533
2707450740
2777859517
3268602666
603243453
50797260
2792443824
493038766
3312287280
880761
2203788632
2198357449
1964221856
2980536597
2844553761
2310280190
1434623629
242201256
2273637470
3329528505
2283543823
2805340929
2669223349
3847320734
2468059238
2641211740
2463415592
3943702392
3262737960
2532135561
2615535057
3528645202
2290331999
4027111173
738612918
2285982638
3653537653
1105238581
1669774705
271458239
2914307568
2334424716
948150980
2894295673
2554790467
2734133342
3384265881
82223420
1684391718
1948867633
1688566994
2614587271
2889365683
318768709
2441178896
27725752
3887070673
341169083
521732479
2965142314
944670684
341146276
